//Vocab types:
//1-consonant
//2-vowell
//4-Terminator
//
//Organizational Configurations
--ORGANIZATION
//Attached patterns (the -el, ael, iel, on types)
2,1,4
,,,,
1,2,1,4
,,,,,
1,2,1,1,4
,,,,,,
1,2,1,2,1,4
,,,,,,,
2,1,2,1,4
,,,,,,
2,1,2,1,2,1,4
,,,,,,,,
1,2,1,2,1,2,1,4
,,,,,,,,,
1,1,2,2,1,2,1,4
,,,,,,,,,
1,2,1,1,2,1,2,1,4
,,,,,,,,,,
1,2,1,2,1,1,2,1,4
,,,,,,,,,,
1,2,1,1,2,1,1,2,1,4
,,,,,,,,,,,
1,2,1,2,1,2,1,2,1,4
,,,,,,,,,,,
//Non-attached
1,2,2,1
,,,,,
1,2,1,2,1
,,,,,,
2,1,1,2,1
,,,,,,
1,2,1,2,1
,,,,,,
1,1,2,1,2,1
,,,,,,,
2,1,1,1,2,1
,,,,,,,
2,1,2,1,2,1
,,,,,,,
2,1,2,1,2,1
,,,,,,,
2,1,1,2,2,1
,,,,,,,
1,2,1,1,1,2,1
,,,,,,,,
2,1,2,1,2,1
,,,,,,,
2,1,2,2,1,1
,,,,,,,
1,2,1,2,1,2,1
,,,,,,,,
2,1,2,1,2,1,1
,,,,,,,,
2,1,1,2,1,2,1
,,,,,,,,
1,2,1,2,1,2,1,1
,,,,,,,,,
1,1,2,1,2,1,2,1
,,,,,,,,,
1,2,1,1,2,1,1,2
,,,,,,,,,
2,1,1,2,1,2,2,1
,,,,,,,,,
1,2,1,1,2,1,2,2,1
,,,,,,,,,,
2,1,2,1,1,2,1,2,1
,,,,,,,,,,
2,1,2,1,1,2,1,2,2
,,,,,,,,,,
1,2,1,2,1,2,2,1,1,2,1
,,,,,,,,,,,
//Vocabulary
--VOCABULARY
//Consonants
b,1
b,1
c,1
d,1
d,1
h,1
h,1
h,1
h,1
h,1
h,1
k,1
l,1
l,1
l,1
l,1
m,1
m,1
m,1
n,1
n,1
n,1
n,1
n,1
n,1
p,1
p,1
p,1
p,1
p,1
r,1
r,1
r,1
r,1
r,1
r,1
r,1
s,1
s,1
s,1
s,1
s,1
s,1
s,1
s,1
t,1
t,1
t,1
t,1
t,1
t,1
x,1
z,1
z,1
z,1
//Vowels
a,2
a,2
a,2
a,2
a,2
a,2
a,2
a,2
e,2
e,2
e,2
e,2
i,2
i,2
o,2
o,2
o,2
o,2
u,2
u,2
//Name Terminators
iel,4
ael,4
on,4