//Vocab types:
//1 - Country of Origin
//2 - MetaDescriptor
//4 - Descriptor
//8 - Part Desctriptor
//16 - Part Modifier
//32 - Element
//64 - Part
//128 - Elemental Manifestation
//256 - Descriptor/Actor
//512 - Actor/Bodypart
--ORGANIZATION
8,64
,,
16,64
,,
32,64
,,
32,128
,,
//Enhanced basics
8,64,256
,, ,
16,64,256
,, ,
32,64,256
,, ,
32,128,256
,, ,
//Specifics
2,256
, ,
2,8,64
, ,,
2,16,64
, ,,
2,32,64
, ,,
2,32,128
, ,,
4,256
, ,
4,8,64
, ,,
4,16,64
, ,,
4,32,64
, ,,
4,32,128
, ,,
//Country of Origin
1,256
, ,
1,2
, ,
1,4
, ,
//Basics
1,8,64
, ,,
1,16,64
, ,,
1,32,64
, ,,
1,32,128
, ,,
//Enhanced basics
1,8,64,256
, ,, ,
1,16,64,256
, ,, ,
1,32,64,256
, ,, ,
1,32,128,256
, ,, ,
//Specifics
1,2,256
, , ,
1,2,8,64
, , ,,
1,2,16,64
, , ,,
1,2,32,64
, , ,,
1,2,32,128
, , ,,
1,4,256
, , ,
1,4,8,64
, , ,,
1,4,16,64
, , ,,
1,4,32,64
, , ,,
1,4,32,128
, , ,,
//Duplicates
1,8,64
, ,,
1,16,64
, ,,
1,32,64
, ,,
1,32,128
, ,,
//Enhanced basics
1,8,64,256
, ,, ,
1,16,64,256
, ,, ,
1,32,64,256
, ,, ,
1,32,128,256
, ,, ,
//Specifics
1,2,256
, , ,
1,2,8,64
, , ,,
1,2,16,64
, , ,,
1,2,32,64
, , ,,
1,2,32,128
, , ,,
1,4,256
, , ,
1,4,8,64
, , ,,
1,4,16,64
, , ,,
1,4,32,64
, , ,,
1,4,32,128
, , ,,
//Complex
1,8,512,4
, ,, ,
1,8,512,256
, ,, ,
1,8,512,8,64
, ,, ,,
1,8,512,32,128
, ,, ,,
1,16,512,4
, ,, ,
1,16,512,256
, ,, ,
1,16,512,8,64
, ,, ,,
1,16,512,32,128
, ,, ,,
1,32,512,4
, ,, ,
1,32,512,256
, ,, ,
1,32,512,8,64
, ,, ,,
1,32,512,32,128
, ,, ,,