//Vocab types:
//1-consanant
//2-vowell
//4-Modifier
//8-Universal
//16-Actor-Living
//32-Actor-Non-living
//64-Meta-Actor
//Organizational Configurations
--ORGANIZATION
1,2,1,2,1,1,4,8
,,,,,, ,,
1,2,1,2,2,1,4,8
,,,,,, ,,
2,1,1,2,1,1,4,8
,,,,,, ,,
2,1,1,2,2,1,4,8
,,,,,, ,,
1,2,1,1,2,1,1,4,8
,,,,,,, ,,
1,2,1,1,2,2,1,4,8
,,,,,,, ,,
2,1,2,1,2,1,1,4,8
,,,,,,, ,,
2,1,2,1,2,2,1,4,8
,,,,,,, ,,
1,2,1,2,1,2,1,1,4,8
,,,,,,,, ,,
1,2,1,2,1,2,2,1,4,8
,,,,,,,, ,,
2,1,2,1,1,2,1,1,4,8
,,,,,,,, ,,
2,1,2,1,1,2,2,1,4,8
,,,,,,,, ,,
1,2,1,2,1,1,2,1,1,4,8
,,,,,,,,, ,,
1,2,1,2,1,1,2,2,1,4,8
,,,,,,,,, ,,
2,1,2,1,2,1,2,1,1,4,8
,,,,,,,,, ,,
2,1,2,1,2,1,2,2,1,4,8
,,,,,,,,, ,,
1,2,1,2,1,1,4,16
,,,,,, ,,
1,2,1,2,2,1,4,16
,,,,,, ,,
2,1,1,2,1,1,4,16
,,,,,, ,,
2,1,1,2,2,1,4,16
,,,,,, ,,
1,2,1,1,2,1,1,4,16
,,,,,,, ,,
1,2,1,1,2,2,1,4,16
,,,,,,, ,,
2,1,2,1,2,1,1,4,16
,,,,,,, ,,
2,1,2,1,2,2,1,4,16
,,,,,,, ,,
1,2,1,2,1,2,1,1,4,16
,,,,,,,, ,,
1,2,1,2,1,2,2,1,4,16
,,,,,,,, ,,
2,1,2,1,1,2,1,1,4,16
,,,,,,,, ,,
2,1,2,1,1,2,2,1,4,16
,,,,,,,, ,,
1,2,1,2,1,1,2,1,1,4,16
,,,,,,,,, ,,
1,2,1,2,1,1,2,2,1,4,16
,,,,,,,,, ,,
2,1,2,1,2,1,2,1,1,4,16
,,,,,,,,, ,,
2,1,2,1,2,1,2,2,1,4,16
,,,,,,,,, ,,
1,2,1,2,1,1,4,32
,,,,,, ,,
1,2,1,2,2,1,4,32
,,,,,, ,,
2,1,1,2,1,1,4,32
,,,,,, ,,
2,1,1,2,2,1,4,32
,,,,,, ,,
1,2,1,1,2,1,1,4,32
,,,,,,, ,,
1,2,1,1,2,2,1,4,32
,,,,,,, ,,
2,1,2,1,2,1,1,4,32
,,,,,,, ,,
2,1,2,1,2,2,1,4,32
,,,,,,, ,,
1,2,1,2,1,2,1,1,4,32
,,,,,,,, ,,
1,2,1,2,1,2,2,1,4,32
,,,,,,,, ,,
2,1,2,1,1,2,1,1,4,32
,,,,,,,, ,,
2,1,2,1,1,2,2,1,4,32
,,,,,,,, ,,
1,2,1,2,1,1,2,1,1,4,32
,,,,,,,,, ,,
1,2,1,2,1,1,2,2,1,4,32
,,,,,,,,, ,,
2,1,2,1,2,1,2,1,1,4,32
,,,,,,,,, ,,
2,1,2,1,2,1,2,2,1,4,32
,,,,,,,,, ,,
1,2,1,2,1,1,4,64
,,,,,, ,,
1,2,1,2,2,1,4,64
,,,,,, ,,
2,1,1,2,1,1,4,64
,,,,,, ,,
2,1,1,2,2,1,4,64
,,,,,, ,,
1,2,1,1,2,1,1,4,64
,,,,,,, ,,
1,2,1,1,2,2,1,4,64
,,,,,,, ,,
2,1,2,1,2,1,1,4,64
,,,,,,, ,,
2,1,2,1,2,2,1,4,64
,,,,,,, ,,
1,2,1,2,1,2,1,1,4,64
,,,,,,,, ,,
1,2,1,2,1,2,2,1,4,64
,,,,,,,, ,,
2,1,2,1,1,2,1,1,4,64
,,,,,,,, ,,
2,1,2,1,1,2,2,1,4,64
,,,,,,,, ,,
1,2,1,2,1,1,2,1,1,4,64
,,,,,,,,, ,,
1,2,1,2,1,1,2,2,1,4,64
,,,,,,,,, ,,
2,1,2,1,2,1,2,1,1,4,64
,,,,,,,,, ,,
2,1,2,1,2,1,2,2,1,4,64
,,,,,,,,, ,,
1,2,1,2,1,1,8,16
,,,,,, ,,
1,2,1,2,2,1,8,16
,,,,,, ,,
2,1,1,2,1,1,8,16
,,,,,, ,,
2,1,1,2,2,1,8,16
,,,,,, ,,
1,2,1,1,2,1,1,8,16
,,,,,,, ,,
1,2,1,1,2,2,1,8,16
,,,,,,, ,,
2,1,2,1,2,1,1,8,16
,,,,,,, ,,
2,1,2,1,2,2,1,8,16
,,,,,,, ,,
1,2,1,2,1,2,1,1,8,16
,,,,,,,, ,,
1,2,1,2,1,2,2,1,8,16
,,,,,,,, ,,
2,1,2,1,1,2,1,1,8,16
,,,,,,,, ,,
2,1,2,1,1,2,2,1,8,16
,,,,,,,, ,,
1,2,1,2,1,1,2,1,1,8,16
,,,,,,,,, ,,
1,2,1,2,1,1,2,2,1,8,16
,,,,,,,,, ,,
2,1,2,1,2,1,2,1,1,8,16
,,,,,,,,, ,,
2,1,2,1,2,1,2,2,1,8,16
,,,,,,,,, ,,
1,2,1,2,1,1,8,32
,,,,,, ,,
1,2,1,2,2,1,8,32
,,,,,, ,,
2,1,1,2,1,1,8,32
,,,,,, ,,
2,1,1,2,2,1,8,32
,,,,,, ,,
1,2,1,1,2,1,1,8,32
,,,,,,, ,,
1,2,1,1,2,2,1,8,32
,,,,,,, ,,
2,1,2,1,2,1,1,8,32
,,,,,,, ,,
2,1,2,1,2,2,1,8,32
,,,,,,, ,,
1,2,1,2,1,2,1,1,8,32
,,,,,,,, ,,
1,2,1,2,1,2,2,1,8,32
,,,,,,,, ,,
2,1,2,1,1,2,1,1,8,32
,,,,,,,, ,,
2,1,2,1,1,2,2,1,8,32
,,,,,,,, ,,
1,2,1,2,1,1,2,1,1,8,32
,,,,,,,,, ,,
1,2,1,2,1,1,2,2,1,8,32
,,,,,,,,, ,,
2,1,2,1,2,1,2,1,1,8,32
,,,,,,,,, ,,
2,1,2,1,2,1,2,2,1,8,32
,,,,,,,,, ,,
1,2,1,2,1,1,8,64
,,,,,, ,,
1,2,1,2,2,1,8,64
,,,,,, ,,
2,1,1,2,1,1,8,64
,,,,,, ,,
2,1,1,2,2,1,8,64
,,,,,, ,,
1,2,1,1,2,1,1,8,64
,,,,,,, ,,
1,2,1,1,2,2,1,8,64
,,,,,,, ,,
2,1,2,1,2,1,1,8,64
,,,,,,, ,,
2,1,2,1,2,2,1,8,64
,,,,,,, ,,
1,2,1,2,1,2,1,1,8,64
,,,,,,,, ,,
1,2,1,2,1,2,2,1,8,64
,,,,,,,, ,,
2,1,2,1,1,2,1,1,8,64
,,,,,,,, ,,
2,1,2,1,1,2,2,1,8,64
,,,,,,,, ,,
1,2,1,2,1,1,2,1,1,8,64
,,,,,,,,, ,,
1,2,1,2,1,1,2,2,1,8,64
,,,,,,,,, ,,
2,1,2,1,2,1,2,1,1,8,64
,,,,,,,,, ,,
2,1,2,1,2,1,2,2,1,8,64
,,,,,,,,, ,,
1,2,1,2,1,1,16,64
,,,,,, ,,
1,2,1,2,2,1,16,64
,,,,,, ,,
2,1,1,2,1,1,16,64
,,,,,, ,,
2,1,1,2,2,1,16,64
,,,,,, ,,
1,2,1,1,2,1,1,16,64
,,,,,,, ,,
1,2,1,1,2,2,1,16,64
,,,,,,, ,,
2,1,2,1,2,1,1,16,64
,,,,,,, ,,
2,1,2,1,2,2,1,16,64
,,,,,,, ,,
1,2,1,2,1,2,1,1,16,64
,,,,,,,, ,,
1,2,1,2,1,2,2,1,16,64
,,,,,,,, ,,
2,1,2,1,1,2,1,1,16,64
,,,,,,,, ,,
2,1,2,1,1,2,2,1,16,64
,,,,,,,, ,,
1,2,1,2,1,1,2,1,1,16,64
,,,,,,,,, ,,
1,2,1,2,1,1,2,2,1,16,64
,,,,,,,,, ,,
2,1,2,1,2,1,2,1,1,16,64
,,,,,,,,, ,,
2,1,2,1,2,1,2,2,1,16,64
,,,,,,,,, ,,
1,2,1,2,1,1,32,64
,,,,,, ,,
1,2,1,2,2,1,32,64
,,,,,, ,,
2,1,1,2,1,1,32,64
,,,,,, ,,
2,1,1,2,2,1,32,64
,,,,,, ,,
1,2,1,1,2,1,1,32,64
,,,,,,, ,,
1,2,1,1,2,2,1,32,64
,,,,,,, ,,
2,1,2,1,2,1,1,32,64
,,,,,,, ,,
2,1,2,1,2,2,1,32,64
,,,,,,, ,,
1,2,1,2,1,2,1,1,32,64
,,,,,,,, ,,
1,2,1,2,1,2,2,1,32,64
,,,,,,,, ,,
2,1,2,1,1,2,1,1,32,64
,,,,,,,, ,,
2,1,2,1,1,2,2,1,32,64
,,,,,,,, ,,
1,2,1,2,1,1,2,1,1,32,64
,,,,,,,,, ,,
1,2,1,2,1,1,2,2,1,32,64
,,,,,,,,, ,,
2,1,2,1,2,1,2,1,1,32,64
,,,,,,,,, ,,
2,1,2,1,2,1,2,2,1,32,64
,,,,,,,,, ,,
//Vocabulary
--VOCABULARY
a,2
a,2
a,2
a,2
a,2
a,2
a,2
a,2
a,2
a,2
a,2
a,2
a,2
a,2
a,2
a,2
a,2
a,2
b,1
b,1
b,1
b,1
b,1
b,1
c,1
c,1
c,1
c,1
d,1
d,1
d,1
d,1
d,1
d,1
d,1
d,1
e,2
e,2
e,2
e,2
e,2
e,2
e,2
e,2
e,2
e,2
g,1
g,1
g,1
g,1
g,1
g,1
h,1
h,1
h,1
h,1
h,1
h,1
h,1
h,1
h,1
h,1
i,2
i,2
i,2
i,2
i,2
i,2
i,2
i,2
i,2
l,1
l,1
l,1
l,1
l,1
l,1
l,1
l,1
l,1
l,1
l,1
l,1
n,1
n,1
n,1
n,1
n,1
n,1
n,1
n,1
n,1
n,1
n,1
n,1
n,1
n,1
o,2
o,2
o,2
o,2
o,2
o,2
p,1
p,1
r,1
r,1
r,1
r,1
r,1
r,1
r,1
r,1
r,1
r,1
r,1
r,1
r,1
r,1
s,1
s,1
s,1
s,1
s,1
s,1
t,1
t,1
t,1
t,1
t,1
t,1
t,1
t,1
t,1
t,1
u,2
u,2
u,2
u,2
u,2
Archer,16
Arrow,32
Ash,4
Bane,8
Bard,16
Bat,16
Battle,8
Beak,32
Bear,16
Bird,16
Black,4
Blade,8
Blood,4
Blow,32
Blue,4
Boar,16
Bone,4
Branch,8
Brave,4
Break,32
Breaker,64
Breeze,8
Brewer,64
Brush,4
Buck,16
Bull,16
Cairn,4
Calm,4
Carver,64
Caster,64
Cat,16
Chill,4
Cinder,32
Claw,32
Cleric,16
Cloud,4
Club,32
Cold,4
Comet,8
Copper,4
Coral,4
Crystal,4
Cut,8
Cutter,64
Dance,8
Dancer,64
Dark,4
Dash,32
Dawn,4
Day,4
Death,4
Deer,16
Dew,4
Dive,8
Doe,16
Doom,4
Dragon,16
Dream,8
Dreamer,64
Druid,16
Drum,32
Dune,4
Dusk,8
Earth,4
Ember,8
Eye,32
Fair,4
Falcon,16
Fall,32
Fang,32
Far,4
Feather,32
Fighter,16
Finder,64
Fire,8
Flail,32
Flame,8
Fletcher,64
Flute,32
Follower,64
Fox,16
Frost,4
Gem,8
Gleam,32
Gleam,32
Glitter,8
Glow,8
Gold,4
Grand,4
Grass,32
Gray,4
Great,4
Green,4
Grim,4
Grin,32
Hail,32
Hammer,32
Hand,32
Happy,4
Hare,16
Hawk,32
Heart,8
Herb,4
Hider,64
High,4
Holy,4
Hope,4
Horse,16
Hot,4
Hunt,32
Hunter,64
Ice,4
Iron,4
Ivory,4
Jade,4
Jester,64
Jewel,32
Juggler,64
Kick,32
Killer,64
Lake,4
Lance,32
Lash,32
Leaf,8
Leap,32
Light,4
Lizard,16
Lock,32
Lone,4
Long,4
Low,4
Lute,32
Lyre,32
Mace,32
Mad,4
Mage,16
Magic,8
Magus,16
Maker,64
Mark,32
Mask,32
Master,64
Mercy,4
Mighty,4
Molder,64
Moon,4
Mouse,16
Nest,32
Night,4
Pacer,64
Panther,16
Path,8
Paw,32
Peace,4
Pearl,4
Phoenix,16
Potion,32
Prayer,8
Priest,16
Quester,64
Rain,8
Rat,16
Red,4
Rider,64
Rod,32
Root,8
Ruler,64
Sailor,16
Sand,4
Scribe,16
Sea,4
Seed,8
Seeker,64
Seer,64
Shade,8
Shadow,8
Shine,32
Shooter,64
Short,4
Shot,32
Sigh,32
Silent,4
Silver,4
Singer,64
Sky,4
Slash,32
Slayer,64
Sling,32
Smile,8
Snake,16
Song,8
Spell,8
Staff,32
Star,8
Star,8
Stealer,64
Sting,32
Stone,4
Storm,8
Streak,32
Strike,32
Strong,4
Sun,4
Swamp,4
Sword,8
Tail,8
Tear,8
Tooth,32
Touch,32
Tracer,64
Tracker,64
Traveller,64
Tree,4
True,4
Victor,64
Vine,8
Voyager,64
Wand,32
Wanderer,64
War,4
Warrior,16
Water,4
Weasel,16
Whip,32
White,4
Wild,4
Wind,8
Wing,32
Wise,8
Wit,8
Wolf,16
Wood,8
Zephyr,8